VaR: -0.04378343580653376 
Conditional VaR: -0.05820312330850361 
VaR confidence interval: (-0.04500876499554479,-0.042447251817303244) 
CVaR confidence interval: (-0.05986361343427683,-0.0562703829835025) 

Feature correlation
1.0000           0.7039           0.8739           0.8551           0.6499           0.7714           0.1706           0.2031           0.2266           -0.6047           -0.4019           -0.4716           
0.7039           1.0000           0.9487           0.6182           0.8429           0.8140           0.1099           0.1514           0.1761           -0.3327           -0.4097           -0.3934           
0.8739           0.9487           1.0000           0.7605           0.8417           0.8731           0.1490           0.1960           0.2189           -0.4536           -0.4475           -0.4595           
0.8551           0.6182           0.7605           1.0000           0.7289           0.8924           0.3234           0.2505           0.3037           -0.5809           -0.4373           -0.4982           
0.6499           0.8429           0.8417           0.7289           1.0000           0.9487           0.2297           0.2357           0.2603           -0.3899           -0.4612           -0.4551           
0.7714           0.8140           0.8731           0.8924           0.9487           1.0000           0.2824           0.2586           0.2949           -0.4817           -0.4852           -0.5038           
0.1706           0.1099           0.1490           0.3234           0.2297           0.2824           1.0000           0.7263           0.8956           -0.2973           -0.3208           -0.3335           
0.2031           0.1514           0.1960           0.2505           0.2357           0.2586           0.7263           1.0000           0.9469           -0.2979           -0.3341           -0.3268           
0.2266           0.1761           0.2189           0.3037           0.2603           0.2949           0.8956           0.9469           1.0000           -0.3384           -0.3696           -0.3729           
-0.6047           -0.3327           -0.4536           -0.5809           -0.3899           -0.4817           -0.2973           -0.2979           -0.3384           1.0000           0.7657           0.8972           
-0.4019           -0.4097           -0.4475           -0.4373           -0.4612           -0.4852           -0.3208           -0.3341           -0.3696           0.7657           1.0000           0.9636           
-0.4716           -0.3934           -0.4595           -0.4982           -0.4551           -0.5038           -0.3335           -0.3268           -0.3729           0.8972           0.9636           1.0000           

Feature covariance
0.0000           0.0001           0.0000           0.0000           0.0001           0.0000           0.0000           0.0000           0.0000           -0.0000           -0.0001           -0.0000           
0.0001           0.0159           0.0026           0.0001           0.0148           0.0028           0.0001           0.0038           0.0012           -0.0000           -0.0061           -0.0009           
0.0000           0.0026           0.0005           0.0000           0.0026           0.0005           0.0000           0.0009           0.0003           -0.0000           -0.0011           -0.0002           
0.0000           0.0001           0.0000           0.0000           0.0002           0.0000           0.0000           0.0001           0.0000           -0.0000           -0.0001           -0.0000           
0.0001           0.0148           0.0026           0.0002           0.0194           0.0036           0.0002           0.0065           0.0020           -0.0000           -0.0075           -0.0011           
0.0000           0.0028           0.0005           0.0000           0.0036           0.0007           0.0000           0.0014           0.0004           -0.0000           -0.0015           -0.0002           
0.0000           0.0001           0.0000           0.0000           0.0002           0.0000           0.0000           0.0009           0.0003           -0.0000           -0.0002           -0.0000           
0.0000           0.0038           0.0009           0.0001           0.0065           0.0014           0.0009           0.0394           0.0102           -0.0000           -0.0078           -0.0011           
0.0000           0.0012           0.0003           0.0000           0.0020           0.0004           0.0003           0.0102           0.0029           -0.0000           -0.0023           -0.0003           
-0.0000           -0.0000           -0.0000           -0.0000           -0.0000           -0.0000           -0.0000           -0.0000           -0.0000           0.0000           0.0000           0.0000           
-0.0001           -0.0061           -0.0011           -0.0001           -0.0075           -0.0015           -0.0002           -0.0078           -0.0023           0.0000           0.0138           0.0020           
-0.0000           -0.0009           -0.0002           -0.0000           -0.0011           -0.0002           -0.0000           -0.0011           -0.0003           0.0000           0.0020           0.0003           
